x1=[6.996 7.007 7.034 7.044 7.025 7.022 7.057 7.044 7.032 7.036 7.024 6.985 6.995 6.997 6.96 6.966 6.992 7.004 7.039 6.993 7.034 6.971 6.988 7.028 6.988 6.984 6.969 6.967 7.031 7.004 7.016 7.008 6.991 6.999 7.0 7.019 6.998 6.986 6.999 6.97 7.015 7.001]
y1=[44.32 44.292 44.298 44.276 44.3 44.259 44.295 44.3 44.271 44.288 44.276 44.31 44.269 44.261 44.282 44.298 44.293 44.32 44.308 44.291 44.309 44.294 44.278 44.305 44.296 44.307 44.285 44.319 44.295 44.301 44.283 44.309 44.249 44.248 44.248 44.245 44.245 44.307 44.321 44.322 44.322 44.294]
x2=[6.938 6.937 6.958 6.952 6.942 6.943 6.957 6.932 6.975 6.933 6.915 6.937 6.917 6.947 6.861 6.909 6.931 6.968 6.932]
y2=[44.236 44.205 44.244 44.248 44.222 44.228 44.218 44.251 44.231 44.224 44.209 44.236 44.277 44.179 44.24 44.222 44.205 44.228 44.19]
x3=[7.086 7.11 7.082 7.043 7.098 7.122 7.048 7.114 7.079 7.049 7.086 7.043 7.107 7.149 7.145 7.116 7.1 7.093 7.125 7.088 7.078 7.083 7.078 7.086 7.093 7.052 7.077 7.091 7.081 7.082]
y3=[44.183 44.214 44.16 44.164 44.115 44.214 44.198 44.182 44.168 44.154 44.183 44.164 44.125 44.174 44.186 44.185 44.173 44.174 44.189 44.164 44.183 44.169 44.217 44.214 44.207 44.205 44.219 44.203 44.112 44.227]
x4=[7.082 7.066 7.063 7.085 7.062 7.072 7.06 7.075 7.07 7.081 7.083 7.028 7.108]
y4=[44.389 44.396 44.329 44.364 44.461 44.378 44.414 44.404 44.368 44.383 44.412 44.448 44.341]
x5=[6.961 7.024 7.018 7.035 6.997 6.995 7.008 7.03 7.004 7.036 7.024 7.01 7.008 7.034 6.991 6.975 6.979 6.959 6.975 6.958 7.013 7.011 6.982 6.968 6.957]
y5=[44.186 44.236 44.193 44.192 44.217 44.192 44.209 44.183 44.215 44.184 44.164 44.235 44.209 44.16 44.156 44.206 44.227 44.166 44.171 44.161 44.224 44.227 44.162 44.17 44.186]
x6=[7.138 7.15 7.188 7.147 7.145]
y6=[44.068 44.077 44.043 44.114 44.101]
x7=[6.857 6.9]
y7=[44.055 44.052]
x8=[7.191 7.22 7.194 7.173 7.191]
y8=[44.404 44.389 44.403 44.452 44.404]
x9=[7.032 7.01 6.989 7.004]
y9=[44.122 44.098 44.054 44.132]
x10=[6.999 6.978 6.987 7.006 6.983 7.006 7.028 7.007 6.996 6.932 6.951 6.995 6.978 7.001 7.009 7.013 6.993 6.998 6.98 6.949 6.939 7.016 7.012 6.944 7.015]
y10=[44.409 44.417 44.414 44.373 44.411 44.363 44.371 44.399 44.373 44.334 44.355 44.368 44.36 44.381 44.403 44.362 44.392 44.418 44.384 44.36 44.334 44.34 44.419 44.345 44.363]
x11=[7.084 7.107 7.102 7.161 7.118 7.06 7.061 7.096 7.065 7.137 7.119 7.065 7.105 7.094 7.078 7.07 7.09 7.115 7.108 7.06 7.081 7.1 7.142 7.14 7.104 7.088 7.141 7.1 7.096 7.09 7.073 7.064 7.083 7.107 7.073 7.097 7.154 7.086 7.083 7.12 7.134 7.152 7.143 7.117 7.135 7.141 7.133 7.137 7.084]
y11=[44.265 44.252 44.239 44.268 44.271 44.277 44.288 44.246 44.266 44.222 44.231 44.293 44.29 44.288 44.278 44.316 44.287 44.256 44.308 44.277 44.258 44.258 44.257 44.24 44.277 44.313 44.223 44.245 44.3 44.258 44.248 44.266 44.321 44.231 44.318 44.301 44.241 44.299 44.247 44.274 44.243 44.267 44.265 44.246 44.292 44.294 44.316 44.29 44.247]
x12=[7.198 7.222 7.231 7.222 7.207 7.222 7.185 7.256 7.264 7.185 7.231]
y12=[44.245 44.24 44.224 44.236 44.25 44.237 44.235 44.232 44.219 44.297 44.252]